Conformation Number	Energy		C22-C1 distance
00010				-45.245034	7.537239  	
00013				-45.223634	7.533079  	
00018				-45.014628	7.521945  	
00009				-44.506828	7.462995  	
00007				-43.890969	7.527071  	
00008				-43.812013	7.526367  	
00004				-42.687586	6.249965  	
00002				-42.305686	6.176267  	
00001				-42.138933	6.824483  	
00003				-41.775439	6.227762  	
00005				-41.768280	6.211632  	
00020				-41.628230	7.722275  	
00011				-41.490387	8.495547  	
00029				-40.233196	7.782598  	
00026				-40.143525	7.893040  	
00024				-38.700731	7.555864  	
00027				-38.486991	8.551648  	
00006				-38.400876	7.480033  	
00016				-38.385909	7.546392  	
00017				-38.138074	7.552591  	
00021				-37.983028	7.566765  	
00019				-37.647003	7.486169  	
00023				-37.027698	7.400732  	
00028				-34.625770	8.342640  	
00025				-34.423197	7.630639  	
00022				-31.780214	7.458986  	
00031				-29.276589	7.345450  	
00030				-26.101771	6.633923  	
00012				-24.647981	7.103537  	
00014				-23.784738	7.079939  	
00015				-23.645859	7.069915  	
