Conformation Number	Energy		C1-C49 distance
00003				-48.231325	4.015778  	
00004				-48.260162	4.016126  	
00005				-48.257908	4.022523  	
00020				-39.718508	4.165631  	
00008				-43.798060	4.287238  	
00024				-37.428256	4.293817  	
00009				-43.950415	4.301249  	
00011				-42.476698	4.363449  	
00016				-41.022766	4.385531  	
00010				-43.687952	4.465945  	
00012				-43.047517	4.529524  	
00023				-34.246292	4.813168  	
00002				-46.714495	5.156543  	
00013				-39.655109	5.161421  	
00014				-39.534917	5.208942  	
00001				-46.677449	5.222568  	
00006				-48.124204	5.320058  	
00018				-42.257167	5.326992  	
00007				-47.985675	5.360167  	
00025				-30.249008	5.716621  	
00022				-35.631876	5.876944  	
00017				-43.138690	6.044229  	
00019				-40.541964	6.145235  	
00029				-36.118382	6.148801  	
00027				-39.882452	6.292467  	
00015				-42.627046	6.878442  	
00026				-38.669429	7.451194  	
00021				-40.425715	7.481956  	
00028				-37.021287	7.869744  	
