Conformation Number	Energy		C55-C130 distance
00009				 19.700574	3.633469  	
00012				 21.407824	3.683514  	
00024				 15.862310	3.734117  	
00005				 12.340742	3.762698  	
00018				 19.289852	3.770479  	
00027				 15.037842	3.778307  	
00023				 19.688346	3.783632  	
00028				 26.343665	3.810598  	
00025				 23.298769	3.813929  	
00011				 14.381665	3.854784  	
00006				 14.644809	3.865548  	
00017				 19.640352	3.870841  	
00014				 18.695040	3.874099  	
00020				 16.383735	3.924374  	
00008				 20.720624	3.946807  	
00026				 13.630944	3.947630  	
00029				 18.783453	3.950896  	
00022				 10.031661	3.958454  	
00001				 17.169546	3.960187  	
00016				 10.032628	3.963428  	
00013				 13.627848	3.968478  	
00019				  9.726419	3.970524  	
00003				 16.137798	4.002120  	
00015				 13.130449	4.007043  	
00004				 12.488422	4.049804  	
00002				 12.843840	4.067693  	
00021				 10.035195	4.130136  	
00030				 15.009519	4.160688  	
00010				 19.520574	4.193952  	
00007				  9.765164	4.306485  	
